1786289724.931403684 -2.2699369785633635e-11
1786289725.567614893 -2.2699361986316869e-11
1786289726.248140543 2.0716713244544753e-06
1786289726.893073864 2.5836580102168018e-12
1786289727.545274866 2.5602648269929392e-12
1786289728.182966047 2.5564526125599257e-12
1786289728.826915701 0.30300000006977929
1786289729.471423828 0.49651892162837752
1786289730.881433994 0.0031458888001023371
1786289733.664067021 -1.1174296248766058e-10
1786289734.311101879 -1.1172938754787717e-10
1786289734.935160741 -1.1172305074179741e-10
1786289736.278705373 -1.1171777395584476e-10
1786289736.932435336 -1.1171625755078759e-10
1786289737.577822637 -1.1171521626567392e-10
1786289738.210481000 -1.1171439112016651e-10
1786289738.844473683 -1.1171345016452002e-10
1786289739.480230668 -1.1171259960878332e-10
1786289740.127774184 -1.1171177044565619e-10
1786289740.772248617 -4.5583303569675223e-11
1786289741.415428806 -4.5583144058382134e-11
1786289742.084416640 -4.5582920591303926e-11
1786289742.725590888 -4.5582603927941683e-11
1786289743.367613323 -4.5582336502970594e-11
1786289744.001324644 -4.5582110961163195e-11
1786289744.633702405 -4.558182745877499e-11
1786289745.273668914 -4.5581620756064455e-11
1786289745.912096513 -4.5581325748990165e-11
1786289746.546667944 -4.5581078217827928e-11
1786289747.188113712 -4.5580746961971907e-11
1786289747.815001556 -4.5580554803182987e-11
1786289748.453738719 -4.55802204803358e-11
1786289749.080046954 -4.5579996145895942e-11
1786289749.712281612 -4.55797663158521e-11
1786289750.353011403 -4.5579419232379009e-11
1786289751.716891091 -4.5578921207146773e-11
1786289753.151113973 -4.5578296005867041e-11
1786289753.799648320 -4.5578009838943535e-11
1786289754.435979633 -4.5577752322713065e-11
1786289755.071412677 -4.5577480678894534e-11
1786289755.731965108 -4.5577173278955671e-11
1786289756.365224216 -4.5577008882681269e-11
1786289757.009819317 -4.5576679798699047e-11
1786289757.647266462 -4.5576411964333357e-11
1786289758.279262218 -4.5576203929355214e-11
1786289758.919102492 -4.5575841788482379e-11
1786289759.559430500 -4.5575610640048717e-11
1786289760.221033625 -4.5575350917249967e-11
1786289760.874362939 -4.5575005117472272e-11
1786289761.523108342 -4.5574827759344091e-11
1786289762.164399226 -4.55745247725418e-11
1786289762.812296090 -4.5574283486384004e-11
1786289763.470079618 -4.5573956824075661e-11
1786289764.133789074 -4.557371281787153e-11
1786289764.774876456 -4.5573450645643166e-11
1786289765.412322355 -4.5573166657532328e-11
1786289768.215428013 -4.557288146899286e-11
1786289768.846192658 -4.557263481213125e-11
1786289769.503951710 -4.5572365846725713e-11
