1786288347.093658835 0.45000 -0.15000 0.77250
1786288347.448984876 0.45000 -0.15000 0.77250
1786288347.797833363 0.45000 -0.15000 0.77250
1786288348.171484400 0.45000 -0.15000 0.77250
1786288348.537980193 0.45000 -0.15000 0.77250
1786288348.904453499 0.45000 -0.15000 0.77250
1786288349.275103952 0.45000 -0.15000 0.77250
1786288349.623743512 0.45000 -0.15000 0.77250
1786288349.987727472 0.45000 -0.15000 0.77250
1786288350.353428101 0.45000 -0.15000 0.77250
1786288350.707759279 0.45000 -0.15000 0.77250
1786288351.082529510 0.45000 -0.15000 0.77250
1786288351.428978016 0.45000 -0.15000 0.77250
1786288351.776205848 0.45000 -0.15000 0.77250
1786288352.118467395 0.45000 -0.15000 0.77250
1786288352.474127584 0.45459 -0.14934 0.77244
1786288352.829927859 0.45716 -0.14903 0.77248
1786288353.182924431 0.46000 -0.14869 0.77247
1786288353.537217831 0.46152 -0.14880 0.77248
1786288353.892609687 0.46129 -0.15047 0.77244
1786288354.233742808 0.46033 -0.15466 0.77250
1786288354.593671411 0.46024 -0.15615 0.77242
1786288354.941014420 0.46042 -0.15607 0.77246
1786288355.307368880 0.46056 -0.15601 0.77244
1786288357.321224257 0.46070 -0.15594 0.77244
1786288357.675837236 0.46076 -0.15594 0.77250
1786288358.024283971 0.46087 -0.15589 0.77248
1786288358.373134213 0.46090 -0.15588 0.77250
1786288358.727161177 0.46100 -0.15584 0.77248
1786288359.073648832 0.46100 -0.15593 0.77245
1786288359.406814500 0.46108 -0.15593 0.77245
1786288359.743473136 0.46113 -0.15593 0.77250
1786288360.089818686 0.46112 -0.15607 0.77250
1786288360.421927465 0.46126 -0.15603 0.77249
1786288360.759401097 0.46124 -0.15610 0.77243
1786288361.086724935 0.46124 -0.15616 0.77250
1786288361.438870202 0.46136 -0.15612 0.77249
1786288361.784155000 0.46136 -0.15625 0.77249
1786288362.135334579 0.46136 -0.15625 0.77250
1786288362.463647703 0.46137 -0.15625 0.77250
1786288362.807853378 0.46142 -0.15621 0.77243
1786288363.154372779 0.46149 -0.15621 0.77250
1786288363.498955224 0.46148 -0.15635 0.77250
1786288363.845188444 0.46160 -0.15631 0.77249
1786288364.171913855 0.46162 -0.15630 0.77250
1786288364.518749632 0.46162 -0.15630 0.77250
1786288364.870258015 0.46162 -0.15630 0.77250
