1786288853.476810057 0.45000 -0.15000 0.77250
1786288853.885482971 0.45000 -0.15000 0.77250
1786288854.384268709 0.45000 -0.15000 0.77250
1786288854.829857534 0.45000 -0.15000 0.77250
1786288855.260675216 0.45000 -0.15000 0.77250
1786288855.667009498 0.45000 -0.15000 0.77250
1786288856.081189520 0.45000 -0.15000 0.77250
1786288856.498442984 0.45000 -0.15000 0.77250
1786288856.913239473 0.45000 -0.15000 0.77250
1786288857.415811223 0.45000 -0.15000 0.77250
1786288857.810078017 0.45000 -0.15000 0.77250
1786288858.213458652 0.45069 -0.15003 0.77250
1786288858.598798535 0.45848 -0.14630 0.77509
1786288858.988058654 0.46164 -0.14240 0.77770
1786288859.405721118 0.45782 -0.14159 0.78006
1786288859.808933798 0.45732 -0.15236 0.77250
1786288860.219533732 0.45732 -0.15236 0.77250
1786288860.657191407 0.45732 -0.15236 0.77250
1786288861.065080249 0.45732 -0.15236 0.77250
1786288861.471552445 0.45732 -0.15236 0.77250
1786288861.856594072 0.45732 -0.15236 0.77250
1786288862.279971915 0.45732 -0.15236 0.77250
1786288862.688442624 0.45732 -0.15236 0.77250
1786288863.110149596 0.45732 -0.15236 0.77250
1786288863.569263282 0.45732 -0.15236 0.77250
1786288863.989355665 0.45732 -0.15236 0.77250
1786288864.458918221 0.45732 -0.15236 0.77250
1786288864.892750789 0.45732 -0.15236 0.77250
1786288865.318194885 0.45732 -0.15236 0.77250
1786288865.741413807 0.45732 -0.15236 0.77250
1786288866.152365772 0.45732 -0.15236 0.77250
1786288866.554650086 0.45732 -0.15236 0.77250
1786288866.944402075 0.45732 -0.15236 0.77250
1786288867.356769941 0.45732 -0.15236 0.77250
1786288867.769552686 0.45732 -0.15236 0.77250
1786288868.199413315 0.45732 -0.15236 0.77250
1786288868.645784733 0.45732 -0.15236 0.77250
1786288869.072104276 0.45732 -0.15236 0.77250
1786288869.516439497 0.45732 -0.15236 0.77250
1786288869.958917247 0.45732 -0.15236 0.77250
